Result of friends recommendations
Friend1: (4af47862f964a520d6f221e3, 4.740684), (4c9c6a059c48236a1cb14dee, 4.717283), (4ac518d1f964a520c3a620e3, 4.6908517), (4ac518d3f964a52076a720e3, 4.6858706), (4ac518cef964a52021a620e3, 4.6826935), (4e175b25183880768f35a7e5, 4.677472), (4acbc300f964a52058c520e3, 4.664307), (4af9a82df964a520fd1222e3, 4.659955), (4ac518cef964a520f8a520e3, 4.6326213), (4b1c0375f964a520b30024e3, 4.6149755)
Friend4: (4af47862f964a520d6f221e3, 3.716303), (4c9c6a059c48236a1cb14dee, 3.708394), (4bcc08273740b7139c756365, 3.659917), (4ac518bef964a52000a320e3, 3.631302), (4ac518cef964a52021a620e3*, 3.6229734), (4ac518eff964a52064ad20e3, 3.6130397), (4b6016a3f964a52076d529e3, 3.6121185), (4ac518f6f964a52052af20e3, 3.610067), (4e175b25183880768f35a7e5, 3.6030962), (4ac518d3f964a52076a720e3, 3.6012225)
Friend5: (4c9c6a059c48236a1cb14dee, 4.2859654), (4af47862f964a520d6f221e3, 4.252834), (4ac518d1f964a520c3a620e3, 4.2238317), (4ac518cef964a52021a620e3, 4.2040625), (4ac518cef964a520f8a520e3, 4.1838613), (4ac518d3f964a52076a720e3, 4.1802163), (4ac518f7f964a520c6af20e3, 4.1676083), (4ba6419bf964a520b23f39e3, 4.164185), (4d5ed23c149637047e12cf94, 4.162455), (4ac518eff964a52064ad20e3, 4.15609)
Friend2: (4ac518d1f964a520c3a620e3, 4.04502), (4acbc300f964a52058c520e3, 4.008075), (4c9c6a059c48236a1cb14dee, 4.002936), (506999663d7cfe42e733a9b3, 3.9845755), (4ac518f6f964a52052af20e3, 3.9796438), (4ac518eff964a52064ad20e3, 3.9750755), (4ac518cef964a52021a620e3, 3.9622104), (4acaf933f964a52031c320e3, 3.9512901), (4b7e5255f964a52076e92fe3, 3.9450262), (4b114284f964a520657923e3, 3.9329283)
Friend3: (52d71ac611d2dae852a0be1f, 3.9319882), (4ac518d1f964a520c3a620e3, 3.8718138), (4c9c6a059c48236a1cb14dee, 3.8141563), (4ac518d3f964a52076a720e3, 3.8105745), (4b1c0375f964a520b30024e3, 3.791491), (4ac518cef964a52021a620e3, 3.7609777), (4ac518d0f964a52095a620e3, 3.7596605), (4ac518eff964a52064ad20e3, 3.7502377), (4ac518f4f964a520fbae20e3, 3.7489), (4acbc300f964a52058c520e3, 3.739285)
Friend6: (4ac518d1f964a520c3a620e3, 5.732499), (4ac518d2f964a52026a720e3, 5.7086973), (4ac518f4f964a520fbae20e3, 5.702808), (4ac518cef964a52021a620e3, 5.6822305), (4c6ce8d923c1a1cd4bdf1acf, 5.672706), (4ac518cef964a520f8a520e3, 5.671366), (4c9c6a059c48236a1cb14dee, 5.6708755), (4af47862f964a520d6f221e3, 5.6543655), (4ac518f7f964a520c6af20e3, 5.645663), (4b1c0375f964a520b30024e3, 5.644179)
